{
    "11483B1C-A0DD-439E-8D83-94595ABE428C/SelectedTimelineObject": "0 0 ",
    "11483B1C-A0DD-439E-8D83-94595ABE428C/UnfoldedTimelineNodes/549CBDB8-AE11-4930-A2CE-1F3F6BCAD556": "Box",
    "1C435217-1F56-4B14-B162-D5571841CD11/ExpandedNodes/12CBFB25-964A-4A31-8962-1AA26CAFEE19": "Row 3",
    "1C435217-1F56-4B14-B162-D5571841CD11/ExpandedNodes/14BCDE76-894C-4038-B5C8-3A036BDFAB0E": "Rows 1",
    "1C435217-1F56-4B14-B162-D5571841CD11/ExpandedNodes/7ABA6EBE-684D-4095-94E3-EF87FC7103F5": "Row 1",
    "Camera/Position/X": 5.643812656402588,
    "Camera/Position/Y": 8.953805923461914,
    "Camera/Position/Z": 22.623693466186523,
    "Camera/Rotation/W": 0.9934291839599609,
    "Camera/Rotation/X": -0.0834437906742096,
    "Camera/Rotation/Y": 0.07804364711046219,
    "Camera/Rotation/Z": 0.006555350497364998,
    "Camera/Type": 0,
    "E1D0B358-4EC8-4E2F-8969-F869BC0D0240/SelectedTimelineObject": "0 1 ",
    "E1D0B358-4EC8-4E2F-8969-F869BC0D0240/UnfoldedTimelineNodes/50FCEE5E-B3D7-4FAE-9B1F-73B7FCF650A4": "MainCamera",
    "Editor/ValueDraggerStepSize": 10,
    "SnapTypePosiotion/SnapPreset1": 0.5,
    "SnapTypePosiotion/SnapPreset2": 1,
    "SnapTypePosiotion/SnapPresetSelected": 0,
    "SnapTypeRotation/SnapPreset1": 45,
    "SnapTypeRotation/SnapPreset2": 90,
    "SnapTypeRotation/SnapPresetSelected": 0,
    "export/projectName": "New-Project-without-Character"
}
